# list of object assets to load in this scene
[ASSETS]
mario.txt
brick.txt
coin.txt
goomba.txt
cloud.txt
#
[OBJECTS]
# type	x	y	extra_settings per object type
# type: 0 = Mario , 1 = Brick, 2 = Goomba, 3 = Koopas
# See OBJECT_TYPE constants in AssetIDs.h
2	0	416	11	39	1	0	4	5	0	5
2	624	400	11	29	1	0	4	5	4	9
2	624	416	11	29	1	0	4	5	4	9
2	1152	416	11	22	1	0	4	5	9	12
2	1536	416	11	5	1	0	4	5	12	13
2	1664	416	11	36	1	0	4	5	13	18
2	2256	416	11	35	1	0	4	5	17	22
2	352	368	11	2	3	0	3	5	2	3
2	1505	336	11	2	1	0	3	4	11	13
2	1569	400	11	1	1	0	4	5	12	13
2	1585	384	11	1	2	0	4	5	12	13
2	1601	368	11	1	3	0	3	5	12	13
2	1665	368	11	1	3	0	3	5	13	14
2	1681	384	11	1	2	0	4	5	13	14
2	1697	400	11	1	1	0	4	5	13	14
2	1793	384	11	2	2	0	4	5	14	15
2	1857	368	11	2	3	0	3	5	14	15
2	2256	368	11	2	3	0	3	5	17	18
2	2256	160	11	2	10	0	1	4	17	18
2	2832	240	11	9	12	0	2	5	22	24
2	2976	400	11	8	2	0	4	5	23	25
2	3104	384	11	1	3	0	4	5	24	25
2	3120	369	11	1	4	0	3	5	24	25
2	3136	352	11	1	5	0	3	5	24	25
2	3152	336	11	1	6	0	3	5	24	25
2	3168	320	11	1	7	0	3	5	24	25
2	3184	304	11	3	8	0	3	5	24	26
2	3232	240	11	8	12	0	2	5	25	27
2	3008	240	11	12	1	0	2	3	23	25
2	240	368	11	3	3	1	3	5	1	3
2	272	336	11	3	5	1	3	5	2	3
2	400	368	11	5	3	1	3	5	3	4
2	464	336	11	4	5	1	3	5	3	5
2	512	384	11	6	2	1	4	5	4	5
2	512	304	11	4	7	1	3	5	4	5
2	1264	384	11	7	2	1	4	5	9	11
2	1296	352	11	7	4	1	3	5	10	11
2	1328	320	11	7	6	1	3	5	10	12
2	2144	368	11	3	3	1	3	5	16	18
2	2176	272	11	3	9	1	2	5	17	18
2	1312	144	11	4	2	1	1	2	10	11
2	1408	192	11	4	1	1	2	3	11	12
2	1488	176	11	13	1	1	1	2	11	14

# MARIO
0	300	30

# BRICKS


#COIN
4	100	120
4	120	120
4	140	120
4	160	120
4	180	120

#Goomba
#2	300	10

#Platform
5	90	136	16	15	16	51000	52000	53000
5	120	90	16	16	8	20001	20001	20001

#Portal 
#50	300	120	316	160	2

[TILEMAP]
100	maps\map1.png	maps\map1.txt	27	210	9	11	16	16	0	2832	2832	3360

